95 110 125 140 155 170 185 200 215 230 245 260 Knt Mph Kph  

3  3   4   4   5   5   5   6   6   7   7   8   34  39  63
3  4   4   5   5   6   7   7   8   8   9   9   28  32  52
4  5   5   6   6   7   8   8   9   8   10  11  24  28  44
4  5   6   7   7   8   9   9   10  11  12  12  21  24  39
5  6   7   7   8   9   10  11  11  12  13  14  19  22  35
6  6   7   8   9   10  11  12  13  14  14  15  17  20  31
6  7   8   9   10  11  12  13  14  15  16  17  15  17  28
7  8   9   10  11  12  13  14  15  16  17  18  14  16  26
7  8   10  11  12  13  14  15  16  18  19  20  13  15  24
8  9   10  12  13  14  15  16  18  19  20  21  12  14  22
8  10  11  12  14  15  16  18  19  20  22  23  11  13  20
9  10  12  13  15  16  17  19  20  22  23  24  10  12  19